# Generated from imu_test.bag on 2013-10-03.
mag_bias:
     x: -0.187996
     y: 0.031774
     z: -0.640720
     radius: 0.279036
