# Generated from yaw_90.bag on 2013-09-17.
mag_zero_x: 0.183117
mag_zero_y: 0.273127
mag_zero_z: -0.761884
mag_zero_radius: 0.271064
